time: 0.027979612350463867
time: 0.28457140922546387
